623
287
962
88
501
394
149
297
787
707
479
248
650
900
367
818
959
706
927
321
544
684
382
274
380
447
678
379
471
84
801
701
456
422
898
794
774
319
770
458
582
555
235
625
509
636
733
407
999
857
42
37
354
235
602
974
938
172
205
180
46
100
968
499
894
630
667
943
613
229
815
144
385
840
713
833
772
146
699
665
537
455
92
77
146
541
511
138
783
314
591
28
661
810
525
83
265
595
871
405
353
567
251
30
723
639
840
599
63
331
146
646
429
115
70
341
602
781
531
12
504
882
748
909
109
275
788
768
487
592
526
227
377
224
478
355
23
926
819
433
316
949
758
307
76
502
62
893
523
854
625
506
140
584
272
225
424
920
783
824
827
259
717
433
332
189
324
620
349
143
226
76
952
168
181
524
540
42
962
148
969
982
211
999
618
441
728
784
366
733
260
167
324
697
719
64
322
878
73
899
671
285
223
330
296
992
627
154
989
317
43
836
643
244
228
606
713
181
227
123
236
797
933
279
700
542
882
726
816
346
864
584
677
271
329
445
372
77
277
207
823
254
692
542
437
267
665
423
351
132
874
83
366
882
451
314
647
923
19
141
489
229
74
59
25
970
982
547
321
454
191
281
962
969
792
80
552
997
759
882
476
163
619
210
872
454
392
818
242
646
544
159
445
103
431
562
219
431
227
217
207
252
550
545
512
911
845
857
920
555
637
594
703
307
532
442
319
957
374
183
279
642
271
321
317
316
469
570
946
729
500
100
903
192
122
494
744
677
682
13
95
707
517
872
481
66
230
59
397
881
470
762
476
697
765
678
184
528
231
969
137
640
641
758
353
323
662
525
10
967
971
928
565
730
667
852
514
953
535
577
755
918
344
832
79
683
475
405
463
354
448
932
17
604
881
913
432
92
277
994
76
580
181
453
515
809
302
746
747
589
390
160
171
697
999
822
817
916
604
478
123
445
783
538
799
955
272
183
889
808
491
957
928
743
127
822
429
193
895
702
286
788
49
75
152
968
191
921
643
458
243
871
291
871
722
968
132
642
853
656
860
624
62
706
38
483
606
753
503
469
561
513
564
875
787
458
14
114
32
284
380
56
914
531
422
103
273
748
391
579
14
986
186
703
795
729
458
260
44
77
69
868
475
290
735
193
781
985
987
68
321
11
339
989
404
266
116
56
70
240
899
886
36
736
370
649
333
185
747
689
933
736
803
325
945
786
586
56
750
788
821
872
197
921
610
522
475
576
387
779
87
243
907
746
374
597
660
295
15
494
832
730
641
332
38
65
593
656
537
233
141
938
876
72
689
898
36
607
700
47
188
408
727
913
444
985
739
548
907
208
94
546
683
773
305
551
688
751
991
553
934
367
604
789
54
20
705
901
653
823
673
409
750
926
84
101
38
974
104
448
111
410
292
592
25
950
531
349
472
238
957
868
78
712
740
364
160
628
374
436
802
385
438
332
664
305
507
283
589
138
139
490
725
804
576
758
824
908
17
686
117
425
815
97
688
320
738
213
739
41
899
805
715
801
974
178
650
863
586
285
973
387
805
915
594
458
261
924
516
918
705
638
997
275
523
860
856
796
630
336
194
407
854
98
118
806
604
720
416
437
479
931
610
618
215
925
929
323
135
673
664
172
165
581
126
53
393
277
317
743
358
388
106
202
362
65
579
485
368
572
272
421
369
625
429
459
624
231
456
548
865
478
522
599
201
643
276
62
80
536
390
441
835
735
990
144
734
891
130
379
693
997
403
262
509
395
998
686
293
733
308
542
939
939
253
97
630
247
68
363
436
86
228
616
451
520
496
977
541
211
599
431
833
892
134
264
90
400
163
156
334
221
209
419
206
454
432
872
490
469
347
763
86
93
571
758
137
952
177
63
741
249
581
542
661
649
203
728
561
12
601
869
233
602
849
345
718
697
24
788
151
854
446
544
20
359
659
421
486
487
438
241
419
56
381
442
307
526
663
998
302
672
860
606
586
562
674
412
938
720
790
499
513
912
220
748
439
627
979
991
627
741
519
215
384
195
424
894
275
681
449
803
680
524
154
205
381
210
87
45
858
483
144
680
768
245
141
526
821
937
256
700
750
472
86
390
457
840
207
525
572
62
52
299
185
713
14
200
17
745
571
329
883
836
620
703
36
230
551
697
668
625
92
624
594
797
107
472
376
22
114
36
102
758
711
235
199
108
778
99
792
232
373
799
870
740
441
68
272
617
511
616
542
416
759
909
755
362
241
836
955
553
670
79
65
65
172
466
117
249
722
69
340
199
857
419
947
822
893
381
982
156
860
257
460
505
940
473
395
992
210
124
204
468
579
964
271
508
72
55
627
108
8
453
48
789
241
391
732
788
956
261
496
748
582
563
212
719
799
643
377
74
107
387
571
87
29
589
904
252
590
149
713
336
297
298
54
795
662
151
177
676
816
39
137
567
417
952
584
72
898
403
229
48
662
167
691
419
522
200
641
782
622
649
93
505
503
249
967
931
591
505
959
988
212
72
494
253
766
406
432
663
278
39
626
604
365
163
678
102
130
243
561
614
993
691
66
737
650
79
123
750
982
165
952
119
858
174
208
437
814
617
439
111
481
207
680
440
909
1
495
341
201
105
680
652
270
913
925
777
161
217
344
173
571
764
816
725
214
501
232
729
318
683
575
145
456
125
894
550
271
786
211
678
156
971
156
672
891
640
498
375
678
502
940
762
722
576
105
24
94
640
769
796
538
537
793
962
421
643
38
313
936
455
682
166
523
679
505
859
697
911
351
112
180
993
746
301
728
234
369
536
446
682
759
146
404
157
772
20
605
148
458
807
768
194
555
783
484
377
235
158
1000
255
781
632
254
721
243
491
651
845
961
606
666
438
597
982
35
415
999
634
361
881
212
12
254
591
146
945
626
10
817
616
589
666
232
998
550
606
150
633
676
737
653
796
235
106
988
428
60
299
348
788
370
975
293
588
940
816
959
479
329
37
279
481
644
163
143
42
832
284
479
689
22
833
903
838
985
743
319
258
802
828
704
672
538
489
177
516
541
611
465
412
63
496
893
394
910
831
664
866
178
678
936
881
289
108
877
630
357
145
719
938
906
464
294
578
550
913
177
240
22
1
635
975
975
337
377
68
936
267
980
989
32
906
818
769
37
859
386
323
971
336
877
977
292
835
686
58
512
966
224
437
792
799
824
577
90
546
391
999
691
948
241
140
801
859
362
78
892
5
536
658
271
236
976
792
673
844
83
54
311
71
806
938
215
45
531
246
257
669
87
755
594
335
231
999
219
828
822
201
162
207
58
214
648
580
148
329
244
610
817
383
505
530
115
96
390
945
334
28
14
502
406
612
144
666
708
682
956
498
605
901
57
271
816
689
848
761
553
586
217
726
622
778
877
468
837
737
780
188
512
795
297
827
97
615
123
125
311
711
396
436
520
651
118
562
478
58
590
121
110
553
384
757
501
984
360
870
224
164
534
781
199
933
515
849
31
214
983
230
864
963
268
755
9
571
353
903
45
357
435
802
337
103
770
95
77
161
428
585
348
169
580
431
86
926
337
475
685
384
951
12
653
974
157
479
664
517
130
268
866
426
109
552
500
709
952
890
315
637
805
602
795
677
542
850
159
655
694
899
529
528
589
875
648
316
474
108
617
52
623
985
289
495
841
494
798
560
974
887
878
697
128
596
669
934
266
226
596
828
498
168
519
260
272
216
821
500
392
828
95
988
487
697
345
853
536
908
993
616
19
356
261
908
247
99
469
35
592
313
242
799
464
583
933
234
174
802
97
370
445
98
407
223
379
135
43
648
677
251
283
443
312
70
427
167
677
792
895
210
217
575
228
525
694
533
731
306
488
167
199
482
111
271
497
874
310
794
700
457
73
340
352
745
751
309
331
113
484
636
61
447
772
837
833
521
365
58
375
535
486
817
603
484
811
608
160
813
400
786
956
602
561
663
101
654
925
665
152
508
643
714
897
594
229
15
977
439
872
245
187
191
536
605
252
318
257
6
877
373
781
749
358
757
261
273
576
644
938
122
851
624
941
708
525
980
466
670
864
267
438
337
339
576
36
703
778
390
985
484
342
606
283
880
173
980
932
981
772
928
780
986
737
864
386
479
838
723
705
943
503
887
793
777
696
632
535
771
985
316
829
563
877
23
598
159
739
923
208
496
898
731
447
272
267
955
208
777
233
346
129
943
49
652
839
50
662
499
719
723
122
447
40
548
322
949
55
274
105
926
995
859
600
62
227
51
692
656
144
50
834
697
350
61
873
665
913
801
674
348
646
489
505
659
782
212
947
674
572
185
458
419
15
282
773
529
426
427
527
356
886
626
635
80
867
389
626
186
60
961
321
422
897
976
391
582
805
532
459
873
576
820
424
372
779
968
868
551
97
558
42
95
393
459
866
786
825
821
355
409
962
821
870
716
62
546
324
199
47
121
468
30
671
126
929
629
471
406
558
568
775
859
909
818
567
707
232
380
595
372
922
339
219
205
373
452
526
543
277
304
125
820
278
700
397
342
421
178
738
925
389
589
101
613
291
329
40
809
142
469
127
796
775
8
639
57
77
604
717
35
80
676
34
498
318
331
45
738
761
948
574
257
231
55
766
997
551
801
72
174
421
187
932
513
817
218
82
317
567
688
619
533
336
853
258
113
694
349
157
777
943
803
216
25
534
778
465
791
950
883
605
963
707
156
622
828
563
299
718
902
328
545
387
376
474
777
805
585
326
529
604
966
119
744
366
997
909
932
710
571
668
474
233
867
371
222
757
269
292
385
643
217
565
642
419
291
284
767
352
704
792
191
294
311
280
264
238
354
755
981
283
867
255
673
795
582
193
348
111
318
766
426
721
903
363
903
23
20
522
380
837
357
78
892
832
126
950
103
886
818
659
714
140
664
742
375
109
783
239
306
970
666
168
283
43
684
457
239
949
334
103
804
681
107
185
968
538
407
701
929
600
118
522
134
394
753
960
847
176
489
598
307
752
747
350
927
467
62
355
854
121
553
575
277
497
637
412
488
901
38
756
369
721
17
838
273
969
778
523
489
333
655
43
592
772
442
572
571
381
41
6
902
417
174
299
198
213
250
835
795
629
138
644
641
555
586
662
389
502
444
803
777
928
913
915
586
774
51
274
433
758
781
605
848
419
557
402
904
757
673
287
622
444
791
655
63
86
447
255
643
858
643
641
799
907
713
687
240
578
433
794
343
890
549
586
109
959
710
853
134
616
218
44
749
794
805
785
597
331
22
854
437
456
66
981
70
955
816
894
417
152
228
707
902
139
177
203
111
103
250
671
287
262
729
344
339
630
793
533
875
252
625
102
620
454
641
786
287
588
908
415
778
869
474
751
198
836
416
355
777
930
401
886
979
42
924
25
555
702
390
569
865
912
63
863
530
789
52
389
212
859
351
224
383
443
568
758
928
359
289
885
135
600
483
341
719
528
216
192
26
119
904
640
774
315
495
519
967
56
618
975
360
990
747
788
662
283
311
365
318
430
560
865
829
741
261
205
786
657
791
659
855
384
773
191
788
715
214
945
199
264
371
110
537
758
22
380
24
493
689
795
700
48
66
220
350
215
242
528
497
323
681
918
41
274
695
864
537
803
943
100
64
785
544
988
982
541
271
479
231
94
869
66
338
664
481
797
646
969
808
885
759
796
915
15
259
695
325
198
128
420
391
364
333
494
844
595
447
598
432
121
711
320
179
793
720
437
835
869
55
994
819
33
328
144
408
102
587
93
554
434
903
955
311
597
181
799
195
23
47
269
634
873
12
384
61
938
146
107
79
845
553
578
282
957
499
681
19
135
278
198
304
704
430
712
566
521
895
365
259
989
234
208
348
28
25
276
942
329
957
427
197
196
724
793
723
672
898
226
253
117
503
695
157
374
859
71
884
87
643
259
327
413
236
895
741
246
387
942
769
639
98
950
583
386
787
860
674
757
375
539
333
567
100
578
667
154
619
553
82
498
857
393
336
384
660
892
835
545
654
738
147
959
535
374
863
883
412
512
190
88
946
682
639
528
284
609
838
81
904
948
976
514
454
69
725
100
67
694
36
364
134
758
304
489
875
176
823
759
444
690
193
637
31
760
839
282
481
619
515
314
411
603
257
92
24
48
236
653
582
943
857
678
893
353
516
773
639
694
243
891
716
685
330
286
661
911
999
592
979
600
698
957
637
854
684
29
655
790
504
898
985
905
661
401
579
796
970
172
693
598
374
905
739
928
874
286
452
651
546
5
912
747
747
939
820
752
866
120
854
81
970
819
204
241
303
850
112
767
987
257
821
498
364
352
399
165
142
344
206
125
719
787
725
680
549
645
280
280
567
203
25
882
875
415
542
156
100
732
404
785
377
41
652
134
194
336
911
560
708
113
831
43
9
855
547
842
450
179
998
798
221
675
960
590
451
352
401
715
914
319
316
266
627
23
450
633
290
378
884
489
805
102
164
189
539
836
412
350
299
729
75
948
344
400
604
925
551
479
232
995
603
512
61
105
846
953
102
442
600
981
633
436
560
203
301
366
776
630
518
652
478
627
44
612
785
962
740
219
683
290
911
773
520
913
427
76
193
194
407
322
881
318
578
775
307
30
845
892
958
325
704
93
1000
997
137
223
591
970
177
605
123
747
555
396
194
645
643
867
44
308
115
564
738
172
400
339
959
259
920
127
196
708
626
771
478
300
515
705
298
407
274
178
731
162
526
673
471
442
583
216
106
189
168
145
859
241
986
982
314
866
395
585
183
945
240
418
124
557
514
899
609
183
283
768
672
269
787
134
991
176
652
454
657
729
445
155
681
344
299
914
863
55
425
772
428
148
537
287
627
540
857
89
535
845
166
561
250
425
430
793
471
58
912
256
79
352
870
220
930
952
360
210
83
314
928
444
731
531
889
649
688
665
327
138
718
205
972
964
993
72
15
58
303
10
31
772
801
783
744
954
363
852
553
984
226
546
722
228
108
160
8
621
126
882
656
299
353
332
628
726
984
677
836
670
34
203
366
378
980
409
474
438
150
678
340
55
906
22
22
979
258
781
588
268
515
17
121
697
409
754
414
154
484
247
123
527
843
608
554
796
880
295
436
301
206
424
951
681
250
943
540
122
782
786
19
83
613
596
189
940
282
197
123
120
455
974
504
243
96
659
37
330
482
770
144
336
952
834
520
498
46
928
354
818
106
660
162
516
611
607
381
545
724
486
511
925
520
661
741
892
482
902
245
761
675
400
961
86
485
18
224
552
836
10
425
156
314
765
282
677
302
440
238
682
555
903
960
298
768
641
5
745
900
947
186
581
256
312
803
668
360
100
422
349
941
773
84
290
51
270
816
941
696
865
922
503
329
119
510
223
853
924
685
805
719
508
883
366
41
870
354
973
542
470
946
727
65
544
461
868
424
758
703
138
121
845
456
17
153
630
973
621
967
136
22
657
726
524
672
839
556
893
846
124
628
840
299
172
551
339
602
53
762
554
769
992
149
71
466
985
632
513
867
197
759
351
708
507
340
520
223
489
891
41
732
36
135
248
908
339
881
131
165
440
780
545
469
116
600
136
115
566
645
735
171
708
86
723
614
615
778
473
109
290
300
413
189
662
542
132
913
552
467
165
461
805
569
930
989
169
387
214
249
475
540
980
992
350
251
428
631
353
667
302
109
217
952
591
784
617
188
249
356
318
774
757
476
581
67
104
596
280
391
364
503
133
422
909
729
410
93
518
822
191
66
170
668
759
351
176
832
147
808
757
974
84
636
397
680
973
762
849
45
115
830
920
746
32
150
729
472
130
212
141
405
633
42
149
691
84
576
695
40
3
400
417
597
143
338
391
609
141
262
820
710
732
596
807
470
195
625
650
802
623
913
131
969
856
584
721
769
320
150
693
591
29
279
659
274
461
117
946
688
460
406
690
830
490
794
158
578
771
713
199
651
863
612
732
736
728
771
844
501
600
561
78
409
409
9
188
763
606
817
34
21
511
454
881
997
567
219
543
442
667
859
35
634
240
181
703
151
600
160
832
804
843
771
250
614
994
878
39
106
621
473
972
602
988
805
794
432
249
331
474
864
597
236
36
868
303
16
412
483
379
569
783
549
139
897
233
143
55
138
342
708
112
126
923
548
314
107
956
780
792
537
739
106
520
748
889
739
368
152
76
926
587
70
669
565
1
757
837
850
451
792
334
783
153
418
150
812
850
504
440
660
932
417
165
49
617
386
755
622
136
839
515
106
561
484
446
421
970
999
685
742
17
736
500
209
67
307
922
724
715
24
489
263
142
286
135
232
931
150
605
571
714
529
104
731
170
6
425
257
128
832
912
841
441
43
990
498
499
900
841
643
885
170
567
474
201
302
363
633
275
547
53
409
927
407
325
502
180
803
457
621
124
510
309
750
923
562
912
298
528
388
400
825
810
281
702
748
497
907
817
689
577
889
767
399
721
636
1000
306
166
112
547
760
942
516
663
360
871
985
669
249
303
582
688
60
706
797
622
785
335
613
996
584
805
137
787
834
426
213
120
745
64
108
286
982
146
94
425
314
753
281
81
723
993
82
13
962
261
424
950
554
367
835
961
667
932
58
106
591
792
258
607
279
343
115
718
375
20
18
929
264
592
145
340
218
262
591
567
130
524
57
606
323
773
705
624
619
58
799
120
327
821
218
211
714
674
683
557
805
873
373
748
442
474
184
547
428
228
110
408
181
579
16
886
977
826
497
456
563
99
762
242
744
86
997
796
964
735
963
315
660
171
534
716
818
559
125
221
92
190
836
163
235
227
551
456
324
129
635
614
490
223
182
950
993
676
694
438
525
589
181
912
865
748
813
931
59
812
282
606
229
381
466
931
817
825
54
750
131
934
864
601
442
108
309
373
164
356
798
188
602
489
87
265
784
875
309
770
704
826
438
437
287
317
88
464
664
161
628
526
900
666
144
604
912
529
795
232
746
630
213
221
866
335
367
549
357
185
872
597
452
148
314
291
702
536
774
490
805
279
833
287
514
616
20
139
522
578
934
51
56
72
919
799
385
563
556
716
206
980
797
248
830
824
316
238
746
417
891
448
121
208
425
226
176
522
908
517
214
511
186
973
440
866
641
383
769
874
878
905
788
62
426
362
832
955
754
168
920
263
99
778
5
263
290
442
857
434
770
65
997
356
82
202
889
519
220
176
842
559
671
807
996
708
518
565
250
387
289
359
235
327
378
295
734
855
441
765
805
955
196
350
388
732
539
857
708
127
818
904
332
608
206
178
217
78
137
483
13
617
858
657
80
825
323
137
36
723
856
734
444
202
234
741
310
107
730
869
469
708
745
834
141
354
26
806
420
355
143
449
730
645
261
640
645
655
691
824
686
8
47
27
897
337
785
804
131
494
632
814
494
881
372
516
562
955
912
776
74
375
736
553
579
654
792
382
13
159
694
435
689
674
228
708
779
77
895
593
466
782
563
76
422
75
443
220
107
164
681
21
25
690
69
986
474
776
851
345
612
315
911
743
929
622
496
59
665
742
64
322
304
373
243
201
220
999
62
195
954
564
443
588
965
366
508
729
121
123
348
931
37
786
880
205
679
146
186
277
441
707
42
983
915
123
595
353
799
641
59
901
48
917
653
41
820
238
926
643
553
573
220
390
510
435
394
992
493
154
515
243
747
374
280
720
405
286
720
146
757
358
948
796
939
866
192
127
219
545
577
349
122
324
639
422
636
160
559
229
301
722
272
782
87
620
50
925
557
467
374
51
45
753
710
490
422
687
71
264
718
23
338
769
717
831
276
352
909
367
993
396
996
839
689
233
820
651
203
293
457
78
320
534
429
577
232
303
913
42
121
82
745
872
259
951
883
156
129
912
198
514
573
130
707
897
52
320
860
978
886
592
314
12
285
837
844
588
668
873
753
607
528
900
189
162
365
953
576
298
169
9
117
248
280
804
63
4
705
706
99
717
537
9
864
839
337
794
997
355
864
518
448
647
91
636
952
134
574
132
305
794
309
138
448
181
302
425
978
361
21
617
361
534
544
457
966
680
653
448
802
427
622
844
948
523
255
248
765
612
130
398
953
977
773
777
545
948
802
626
818
435
249
692
93
349
129
562
54
550
938
688
222
732
368
190
141
969
489
683
759
650
539
287
835
676
713
74
598
352
158
198
456
718
27
204
882
699
382
724
70
431
512
918
740
67
972
15
661
809
806
240
42
596
980
12
744
813
897
92
231
775
973
298
475
250
180
848
256
761
383
551
368
116
762
310
338
654
481
756
86
983
165
12
796
817
474
609
754
818
813
139
256
374
927
685
955
526
397
636
220
362
798
924
562
401
400
966
877
795
91
268
205
900
631
23
1
49
322
986
802
337
758
700
284
612
723
386
65
675
942
665
836
961
985
491
927
251
115
41
635
962
865
865
501
665
331
694
267
309
769
205
808
919
856
66
999
842
235
764
22
323
305
737
404
786
944
312
978
144
339
573
760
188
282
16
341
26
812
138
580
493
396
679
783
3
867
596
507
769
46
922
948
69
30
720
383
555
630
216
304
521
353
781
208
442
853
334
882
916
263
872
335
104
525
897
319
194
237
82
359
684
788
602
918
47
550
387
338
821
860
46
555
315
881
248
105
41
349
862
727
528
450
737
290
572
310
134
110
561
82
157
34
250
399
648
532
540
918
79
11
429
587
396
390
158
502
774
303
649
548
513
578
193
844
261
658
691
598
871
834
270
591
674
787
746
93
814
222
584
259
675
968
334
259
941
364
121
414
187
448
425
84
447
707
135
250
19
34
898
481
185
597
101
452
547
235
997
849
905
61
109
255
794
708
911
246
111
294
179
378
562
513
466
800
173
585
595
640
378
18
781
837
253
458
258
607
82
940
139
239
996
111
433
682
370
702
294
124
191
860
800
913
708
866
139
347
110
745
546
314
641
53
199
291
418
86
938
216
173
532
723
179
276
864
292
841
642
994
92
621
689
695
107
952
763
210
157
404
279
532
131
630
101
454
327
669
823
779
947
115
208
148
205
603
290
293
303
805
880
461
134
284
746
494
161
234
954
939
649
119
461
954
946
878
987
148
307
422
838
45
859
987
983
14
844
807
30
260
192
886
478
477
844
304
258
383
645
717
104
631
648
816
315
335
68
592
668
367
905
523
61
840
975
876
394
891
127
568
867
315
649
47
303
910
132
793
37
577
746
720
972
431
487
890
141
958
624
265
753
845
699
239
27
604
639
537
221
794
266
791
952
363
804
892
767
249
552
38
40
350
147
307
494
619
370
608
429
419
804
354
833
471
613
950
844
566
426
6
383
673
34
143
513
341
94
818
418
258
816
78
545
515
117
19
178
412
790
228
832
293
431
881
220
526
147
283
40
648
474
412
537
137
809
575
389
540
104
535
534
178
828
799
270
29
98
545
573
624
960
934
411
935
606
644
596
161
606
667
909
520
713
344
448
462
17
219
600
109
616
454
544
49
359
675
531
376
764
747
435
835
98
607
20
46
13
701
9
892
786
169
93
135
672
756
377
790
848
209
593
742
259
318
376
330
682
569
637
818
817
415
993
711
386
286
675
584
779
238
414
538
267
775
267
176
697
2
354
902
80
356
959
876
943
513
216
136
553
12
298
736
79
237
889
391
992
258
888
393
977
599
566
892
518
276
925
105
131
703
149
857
266
293
714
121
495
989
741
524
700
394
961
776
667
481
658
530
733
863
204
512
724
733
103
937
978
318
492
410
943
79
1000
419
238
266
128
353
809
119
89
682
97
331
490
26
513
973
808
659
547
782
696
832
711
461
763
168
89
931
877
132
12
604
645
763
744
674
238
825
607
575
608
35
38
363
877
958
15
646
325
616
181
105
816
459
731
353
130
661
398
157
574
933
737
110
745
127
776
841
841
170
283
574
182
611
355
879
405
652
719
218
409
216
102
592
509
346
999
305
34
474
566
23
189
183
162
338
116
434
536
620
844
112
634
917
720
544
638
638
161
837
319
650
578
780
185
83
504
753
641
74
494
435
938
651
429
102
877
115
290
962
729
394
933
308
303
495
298
480
835
565
462
400
10
311
66
877
811
346
512
20
419
907
671
570
154
181
109
503
657
153
42
945
668
66
719
345
569
579
558
758
128
505
433
858
245
167
42
926
274
429
772
269
463
391
457
584
189
599
989
421
985
88
466
212
41
776
546
682
633
68
851
855
65
737
394
139
930
776
730
267
370
648
14
418
523
48
695
938
336
518
245
5
423
937
841
7
727
679
262
215
223
782
122
216
98
576
63
817
534
760
355
817
757
652
964
363
333
85
656
776
362
595
404
676
811
262
521
363
262
36
693
565
650
268
207
146
840
574
705
197
462
946
534
639
261
593
661
807
370
769
981
733
924
664
986
733
4
620
787
54
900
578
670
29
7
545
513
910
678
660
839
883
369
836
756
37
206
391
785
860
483
608
21
324
902
298
651
498
584
396
376
144
921
546
414
56
529
957
648
647
171
652
81
67
205
661
650
779
102
460
232
782
544
851
35
546
299
980
48
1
910
124
230
8
29
746
166
327
951
975
763
187
223
259
665
43
256
400
448
320
686
431
122
498
830
485
392
606
519
734
302
457
553
719
779
975
279
877
518
564
415
709
667
109
919
66
833
633
914
193
209
917
967
725
497
979
475
384
301
899
668
315
129
609
245
775
961
924
629
230
290
540
680
10
311
825
400
765
495
441
788
123
14
573
942
365
217
560
6
772
524
619
123
231
423
554
437
800
756
134
528
258
841
615
904
909
724
491
422
479
97
316
398
831
423
87
893
946
150
371
161
101
308
223
203
410
601
355
334
628
372
93
524
379
662
432
146
494
384
398
94
930
171
427
148
891
259
595
900
79
861
889
283
87
913
237
833
358
152
93
774
656
730
537
375
884
976
284
667
711
300
708
65
181
772
468
475
8
318
850
507
128
670
672
545
324
39
942
45
62
975
5
277
588
674
226
58
331
792
446
121
46
829
283
952
632
6
653
644
659
626
355
167
225
1000
77
945
234
668
665
112
716
97
131
781
12
656
566
153
871
734
260
61
865
829
865
789
744
535
386
243
984
70
36
279
821
956
70
811
325
900
997
476
647
400
375
726
952
883
945
678
220
289
541
458
158
70
243
929
794
16
858
740
8
171
513
956
925
387
691
666
243
766
477
273
539
120
588
553
872
571
963
711
494
238
652
272
844
29
928
655
351
115
178
112
835
856
360
601
488
98
270
771
659
82
391
260
236
607
641
571
425
622
420
69
88
683
74
857
722
877
983
639
465
444
675
216
172
710
89
467
848
56
541
262
460
719
516
560
599
773
861
783
782
396
975
383
27
267
13
46
165
651
48
525
257
718
803
714
270
992
266
144
943
587
307
60
202
933
311
892
618
774
176
602
595
212
932
743
825
131
678
721
522
814
285
404
215
509
639
4
591
142
175
942
487
572
970
253
156
862
219
84
693
882
83
862
435
559
77
859
370
201
426
484
778
182
587
828
745
770
878
418
934
666
227
84
661
687
941
946
866
813
762
928
159
264
50
712
283
89
156
103
652
869
25
79
493
628
292
369
738
737
211
947
407
171
509
739
312
941
592
194
999
334
896
754
905
501
237
905
189
687
311
826
791
542
21
661
154
545
690
10
735
97
410
619
678
144
275
77
303
461
421
602
195
537
550
349
137
981
915
438
322
324
151
429
468
123
514
199
959
854
773
431
635
513
100
710
741
335
744
374
551
623
565
893
433
60
200
170
826
74
723
762
992
487
433
612
676
299
859
556
73
2
923
168
782
247
391
755
595
598
462
848
815
469
190
406
318
186
6
921
57
757
9
693
713
612
113
481
57
12
319
744
493
78
342
629
64
750
408
366
117
680
859
133
100
81
243
551
120
946
603
344
8
68
580
816
14
149
709
655
666
76
993
914
971
292
889
656
428
639
941
672
405
853
170
754
93
340
107
36
328
835
752
332
481
848
633
885
117
43
252
238
539
756
343
334
920
290
116
910
636
328
273
474
859
559
129
233
784
604
371
35
634
709
506
465
138
412
587
899
939
154
750
547
575
875
842
394
215
605
531
620
254
466
50
419
708
944
316
970
910
226
768
899
518
985
260
1
435
472
541
909
91
803
510
533
97
725
197
848
177
297
943
12
42
899
93
639
637
525
597
30
85
835
948
970
165
512
465
902
232
165
975
531
77
467
548
487
148
690
79
363
472
250
71
893
403
415
733
497
481
970
709
835
62
947
962
388
45
242
547
994
588
997
112
641
717
350
198
535
565
738
160
240
679
941
606
420
447
312
486
948
774
848
79
475
702
364
581
393
431
375
48
603
410
1
127
205
479
501
131
455
708
546
611
135
820
104
203
518
171
358
637
622
488
304
11
775
139
649
713
256
113
243
222
321
893
536
930
931
844
191
190
837
313
947
493
39
412
520
437
96
313
302
302
304
290
728
472
561
488
592
353
114
20
228
548
216
744
611
366
423
99
823
303
685
329
757
872
761
809
521
450
984
46
242
194
716
540
425
651
241
927
988
472
373
54
64
323
807
55
208
877
770
947
15
506
285
393
668
532
378
76
350
893
113
505
234
819
236
969
522
173
13
524
475
245
202
622
869
673
328
73
843
636
440
77
360
134
814
836
494
792
493
115
413
480
855
13
777
149
938
581
768
547
544
1
952
927
880
754
288
290
110
773
118
143
898
181
140
901
328
573
769
699
9
207
456
317
867
318
685
3
119
446
782
898
732
678
113
801
614
3
348
195
994
352
184
275
228
395
769
983
229
832
904
461
681
263
843
471
107
861
627
722
607
263
378
588
508
414
109
92
663
336
629
754
495
672
248
232
677
521
149
146
808
39
240
908
272
521
753
32
312
622
107
388
769
434
892
151
817
440
636
395
669
717
996
49
348
907
681
34
961
126
692
632
172
315
551
778
188
935
519
776
942
338
182
456
363
385
427
81
282
337
723
468
522
645
493
413
216
903
345
246
213
661
748
200
972
921
270
341
574
188
689
667
724
191
911
767
64
575
218
432
505
35
452
574
557
992
139
122
737
109
583
327
753
67
591
956
411
94
493
945
836
773
987
324
252
980
812
571
13
953
169
340
478
118
947
408
790
280
836
946
719
520
125
874
157
430
33
491
627
928
534
178
168
161
383
730
613
506
178
927
259
843
402
504
66
807
839
535
566
934
676
910
250
951
775
554
929
510
589
651
664
756
348
502
607
223
551
167
688
682
212
1
833
674
517
915
269
342
213
355
884
769
144
319
345
580
607
473
829
227
42
771
72
239
362
720
773
319
806
107
889
945
731
593
500
139
203
642
600
659
907
305
727
624
254
685
345
615
49
99
394
161
598
346
350
509
937
273
969
944
3
853
400
972
613
359
131
621
280
196
337
490
660
632
985
20
684
869
365
817
611
345
89
675
613
483
874
716
453
822
367
606
709
882
676
21
64
351
106
125
313
644
694
677
949
71
482
27
474
833
359
225
72
477
679
36
104
563
701
722
966
984
734
233
325
406
317
828
362
992
910
787
451
277
577
763
435
744
141
873
584
664
950
827
25
226
542
525
44
931
887
674
912
887
992
122
716
294
684
139
70
363
801
917
739
940
623
321
905
436
496
340
256
640
726
342
139
822
903
274
115
728
260
195
706
348
802
19
966
318
435
963
773
676
115
541
500
352
584
321
441
813
89
994
690
625
653
634
101
243
209
903
38
720
807
16
369
873
601
281
370
686
979
315
10
982
661
762
966
579
826
455
429
117
997
870
991
403
261
678
506
923
236
386
403
281
518
8
585
722
54
195
488
704
354
267
220
162
89
685
995
722
753
852
886
709
182
284
138
818
195
328
914
356
99
838
922
935
683
457
756
62
109
537
458
537
821
988
262
851
118
957
851
874
861
566
91
974
482
913
244
238
165
919
384
205
650
541
163
342
819
221
488
380
810
643
512
657
11
776
591
533
950
285
301
677
673
619
645
157
882
514
490
485
879
508
544
696
264
597
706
898
664
28
287
482
1000
106
694
734
219
240
638
875
752
166
883
39
181
750
838
883
685
628
253
464
779
3
952
702
662
721
305
714
617
186
612
550
597
560
467
92
722
592
606
405
232
223
782
628
406
231
344
803
937
987
524
455
404
985
682
608
623
849
358
977
484
275
877
796
548
988
949
641
10
649
481
424
404
710
949
980
480
911
634
558
704
740
19
211
860
158
106
649
764
684
234
295
567
171
41
919
485
468
618
936
403
584
708
689
183
64
177
846
801
3
596
168
32
833
538
512
780
651
883
956
772
780
672
228
415
594
379
401
407
320
49
660
303
375
485
816
391
623
942
641
299
212
79
594
117
120
307
398
732
592
436
916
610
881
986
794
47
502
309
368
522
304
409
826
406
113
231
532
991
595
620
229
428
78
678
170
766
903
956
372
614
46
569
652
731
785
685
498
293
695
348
927
844
744
911
647
835
452
417
745
476
604
921
664
439
349
450
630
380
22
678
778
641
727
294
904
674
82
872
374
990
68
658
363
88
34
177
771
970
520
557
756
393
244
908
708
712
296
424
362
437
993
732
830
216
190
288
656
480
429
284
690
269
686
474
595
447
158
421
872
540
301
586
256
792
742
850
951
838
915
591
453
560
53
776
148
227
517
144
262
43
333
758
447
815
78
686
466
290
915
997
196
2
383
674
860
982
809
548
898
161
577
24
826
813
270
106
450
321
772
330
807
109
549
828
892
626
957
797
932
382
239
759
409
242
261
20
901
774
142
132
853
891
219
49
607
540
770
859
75
200
501
18
375
590
281
669
163
134
117
176
159
909
166
24
755
83
642
358
31
66
611
913
459
865
29
940
799
448
746
756
738
20
348
32
743
179
16
964
686
740
841
383
981
312
825
541
790
677
439
776
630
304
980
879
882
91
205
877
330
436
468
641
273
406
876
388
636
740
275
56
143
903
575
516
829
110
774
424
415
63
177
879
559
692
631
198
608
897
491
855
336
935
200
678
78
526
7
635
424
954
116
303
42
432
726
114
742
881
715
835
839
448
228
951
217
686
228
686
610
129
516
80
431
166
97
499
86
549
766
555
533
267
491
356
282
484
62
574
155
637
278
925
943
613
215
37
116
368
499
684
879
180
152
46
288
298
151
384
973
479
680
110
151
722
7
78
469
79
783
741
600
185
458
668
490
834
156
8
910
899
882
527
565
121
735
856
106
805
231
285
912
672
314
804
551
630
311
586
796
256
278
520
176
110
756
517
111
145
418
967
256
405
518
676
287
692
162
511
351
533
981
526
373
788
502
938
451
661
89
206
868
348
483
488
60
696
990
10
210
518
325
94
622
334
422
902
327
387
237
987
258
334
978
992
946
631
733
324
578
895
779
427
953
139
238
908
435
701
246
31
385
359
135
796
350
573
683
295
22
298
829
985
72
368
721
236
667
3
337
959
481
981
905
181
793
937
481
229
577
946
635
187
648
663
806
259
953
686
26
297
615
362
53
836
524
351
235
202
98
176
353
295
60
14
852
27
525
149
102
531
419
992
320
129
363
68
834
338
172
94
414
811
709
302
40
649
324
18
544
936
320
612
434
614
791
625
444
49
599
338
95
576
788
352
447
38
72
704
58
864
8
686
646
873
679
138
679
895
23
89
835
834
172
984
427
177
311
214
549
521
702
119
383
581
749
401
383
408
619
871
103
918
540
841
48
463
885
815
786
808
608
584
33
750
794
287
863
460
335
851
105
616
375
873
71
185
108
124
459
648
496
254
742
88
317
737
831
968
179
477
535
908
45
647
881
875
42
543
656
201
2
444
385
992
650
112
809
650
66
132
619
933
314
123
734
688
264
247
953
818
669
72
856
790
689
52
28
144
511
562
955
76
771
415
368
667
979
951
885
278
53
15
567
898
358
665
604
717
537
293
925
780
101
512
931
423
79
715
517
251
272
382
769
974
189
170
877
575
249
664
799
101
949
283
812
321
728
666
343
616
183
566
157
821
391
753
336
973
110
153
666
821
555
117
861
157
877
442
112
56
877
699
365
260
746
355
8
953
672
978
366
707
885
242
110
130
168
472
376
713
980
809
675
780
578
534
832
290
897
683
641
636
616
199
62
580
788
492
2
215
152
876
607
361
643
976
357
443
553
513
715
278
123
1
295
476
225
779
272
426
795
512
252
182
154
770
947
145
555
177
672
546
956
670
27
733
324
33
978
845
53
638
677
690
35
996
351
575
588
94
419
893
698
185
198
188
341
594
558
921
38
349
346
717
193
481
202
470
247
879
298
557
686
491
959
137
929
262
613
492
95
356
366
59
542
182
949
924
550
835
1
489
110
311
870
545
400
386
160
719
298
839
822
130
671
851
128
311
420
432
645
46
143
964
651
656
417
406
477
946
862
30
435
662
637
467
423
619
691
821
109
573
654
206
360
783
759
476
142
653
388
953
769
459
890
383
437
614
145
278
863
945
987
469
293
641
676
471
701
239
686
474
974
958
219
597
853
245
417
415
749
14
452
997
123
235
821
805
593
597
845
104
903
435
626
70
880
812
573
266
554
615
883
607
5
276
702
781
132
80
104
187
9
771
342
548
362
575
93
879
697
263
122
21
493
721
639
324
13
351
477
797
664
333
472
808
450
765
613
240
299
999
8
748
113
345
945
379
708
814
721
938
59
728
533
454
803
350
257
849
383
605
352
655
229
370
806
904
574
303
472
815
871
349
205
274
129
471
812
616
220
644
662
323
853
205
360
829
343
576
448
533
981
658
448
754
364
6
300
245
747
958
78
375
717
36
443
299
104
804
259
556
521
414
355
134
861
643
512
743
698
45
381
5
809
48
872
415
710
380
809
977
705
363
203
651
160
586
242
711
207
571
185
394
950
883
122
727
549
185
793
951
475
717
604
495
301
787
744
875
21
383
244
528
75
411
239
52
153
630
812
401
438
993
410
592
223
946
946
63
250
345
455
450
301
324
790
915
235
764
524
73
676
268
592
856
950
883
145
392
489
188
431
77
843
747
443
363
809
396
513
980
152
189
639
472
179
103
571
40
706
981
813
109
623
836
761
691
711
295
480
490
858
316
13
413
9
717
74
356
298
231
378
804
677
598
443
283
30
240
523
90
459
175
774
643
306
906
805
574
156
277
767
770
46
435
825
313
571
616
245
540
574
769
872
532
973
729
51
497
977
201
53
789
123
891
869
330
766
124
2
167
907
151
933
213
374
6
157
662
550
275
292
741
698
133
456
110
398
424
774
288
183
151
979
400
310
825
844
474
674
338
439
99
74
971
968
432
968
114
624
212
998
25
267
628
695
956
492
693
657
377
708
591
96
6
110
612
244
855
289
112
930
172
252
170
573
777
90
180
277
782
118
837
146
766
446
29
457
317
828
61
289
30
768
566
972
989
341
16
969
879
874
78
837
365
626
134
195
857
548
580
8
414
786
620
433
268
170
295
285
618
306
358
638
814
522
960
584
453
379
810
818
185
592
937
924
754
986
990
722
667
686
407
737
597
632
512
533
6
490
457
991
29
502
89
281
636
667
781
748
820
27
607
157
173
757
172
974
86
615
777
214
85
85
233
109
126
332
526
524
46
733
440
494
816
705
779
372
74
284
992
446
287
287
139
517
329
453
579
854
821
149
690
54
40
905
606
886
270
719
104
657
697
700
124
798
131
841
308
429
236
913
737
70
778
13
976
953
458
532
860
871
593
990
448
294
954
509
899
948
828
307
986
189
596
75
713
805
843
889
77
653
817
658
55
740
973
578
826
446
13
300
496
836
465
562
893
347
422
156
458
555
805
402
944
514
135
713
368
136
580
629
604
122
789
954
495
283
900
887
711
889
25
720
833
902
235
97
147
537
264
948
107
822
403
64
635
443
847
531
522
355
682
456
367
997
949
227
116
100
879
825
871
631
752
149
547
551
792
321
131
442
714
207
305
874
121
481
829
237
988
554
32
824
269
105
191
766
58
856
747
649
367
632
915
670
966
477
791
65
374
391
258
198
55
721
476
323
280
437
157
282
252
89
7
214
877
998
805
152
948
433
968
960
896
277
971
678
717
157
756
200
378
337
903
969
293
760
249
276
375
92
981
538
188
121
597
200
758
998
281
596
20
94
540
440
350
371
937
135
456
21
707
196
488
473
949
993
553
221
349
709
372
997
957
796
635
194
863
861
758
65
960
527
91
807
499
320
909
866
945
431
729
222
355
698
806
740
526
280
246
488
754
266
746
376
124
580
715
543
462
901
308
352
743
203
600
758
52
120
577
484
956
378
659
369
408
41
625
284
312
586
791
943
265
898
899
406
551
176
956
56
177
855
640
3
279
566
905
481
647
271
408
841
958
722
702
205
477
648
575
179
176
750
527
427
890
489
32
143
708
93
94
262
376
738
776
910
338
853
740
167
463
278
262
736
602
588
869
511
807
89
774
312
195
200
958
498
248
477
613
95
200
638
790
92
619
331
815
4
478
277
16
954
117
625
629
398
608
595
547
527
871
279
271
469
575
239
899
450
511
557
39
29
165
987
402
919
26
607
824
551
346
306
689
89
818
801
332
815
617
269
759
639
104
9
68
502
274
4
929
422
55
678
916
787
249
748
926
50
371
649
791
452
302
293
978
727
632
980
919
937
912
985
375
567
644
789
612
783
149
495
383
915
727
78
114
476
652
410
691
184
829
437
153
426
575
446
189
46
144
823
124
655
373
919
690
798
513
894
208
495
640
698
101
249
918
334
888
284
599
511
241
258
464
838
484
372
451
161
842
461
211
662
67
275
464
143
256
135
155
241
493
270
628
48
630
17
8
879
545
994
416
335
364
182
838
766
983
656
321
618
256
211
953
252
667
480
829
820
898
729
430
788
972
448
802
174
655
81
624
517
263
599
289
12
229
991
950
308
421
907
344
153
555
824
844
210
561
625
868
210
1000
735
206
418
142
502
591
782
855
755
98
36
373
685
244
842
713
85
867
448
482
73
871
155
201
929
585
923
560
240
462
908
61
224
635
503
685
950
871
823
26
309
282
319
440
837
165
442
114
41
551
920
368
783
204
342
201
818
823
307
153
994
356
733
89
129
413
827
999
988
377
461
928
155
41
134
616
454
373
702
733
595
32
808
929
528
705
274
173
264
33
906
252
869
933
880
329
908
925
894
630
372
79
715
753
626
954
477
564
137
847
928
926
953
338
626
668
743
601
441
348
593
826
967
605
889
114
251
622
414
780
75
549
328
30
923
583
251
833
691
183
648
540
634
266
18
65
292
795
925
188
212
196
486
678
969
946
840
490
564
825
492
930
647
583
28
160
323
948
605
323
804
708
591
105
334
880
461
23
433
214
297
363
836
328
939
113
780
516
130
118
139
704
948
12
231
285
204
268
170
456
805
93
876
342
1
18
97
111
792
751
712
179
491
272
34
807
514
310
772
686
726
845
116
666
976
521
458
305
606
920
121
179
839
807
852
984
983
640
143
115
33
211
484
879
397
904
372
940
689
730
628
997
846
377
430
409
372
244
864
73
429
898
316
338
871
254
407
424
437
666
225
61
932
882
772
608
803
537
938
681
18
439
730
467
911
553
933
746
215
17
338
112
799
273
679
938
42
977
343
221
107
626
31
671
512
137
260
118
989
82
941
109
871
199
331
608
877
980
499
750
900
397
740
882
352
795
574
295
221
490
954
713
344
681
502
646
608
713
346
865
618
942
472
618
403
428
975
109
982
470
622
445
98
798
435
922
256
924
697
218
712
576
158
999
349
592
221
789
51
119
58
185
780
372
55
272
935
10
154
970
735
444
716
775
91
316
564
950
940
498
428
230
373
465
72
432
521
52
882
282
765
365
445
207
372
110
446
275
537
405
204
753
17
392
494
15
428
691
4
489
753
530
43
188
449
831
1
639
380
469
215
919
508
762
836
106
180
201
577
48
319
131
174
7
483
110
617
46
902
436
894
257
165
838
350
852
35
327
293
531
853
522
686
4
864
193
718
855
369
628
252
661
820
146
517
910
713
639
589
518
279
443
659
309
375
768
674
933
587
415
38
953
134
932
966
23
941
387
549
835
334
170
404
130
518
591
575
653
147
113
417
863
719
299
68
831
897
845
33
598
661
179
798
815
320
2
849
485
490
651
476
971
499
949
850
622
738
224
186
228
536
283
394
505
594
426
276
1
428
205
630
284
361
610
385
334
768
846
400
340
544
126
387
208
75
216
496
455
48
1
598
663
327
216
343
699
836
868
494
536
269
32
314
445
535
719
442
231
97
378
910
159
322
570
685
350
108
83
500
371
130
122
664
348
389
684
97
821
15
945
574
419
643
570
287
205
41
943
819
988
788
453
982
741
635
887
374
898
264
803
252
14
230
275
107
827
287
601
950
180
183
451
847
364
556
520
970
642
901
707
330
639
790
79
737
622
50
646
350
733
828
888
462
932
941
606
301
108
354
224
172
702
659
529
450
157
210
321
631
995
92
552
750
255
643
125
92
321
380
172
659
88
705
895
621
709
507
638
349
613
238
514
280
732
619
910
1
569
118
562
514
49
36
647
652
683
617
616
252
175
69
821
172
457
485
478
545
497
12
755
188
520
396
469
2
557
816
400
86
320
461
709
555
257
927
