1217
2947
4620
6752
10381
10688
10848
11245
13341
13375
15446
15446
17228
18265
18809
19841
21382
22326
22909
28747
30784
31777
32457
33234
36067
37345
38476
39766
41099
41515
42193
42940
45093
45582
47144
47835
49168
49533
49783
50963
51234
52291
52638
57449
57854
58214
59093
60967
62244
62357
62365
62970
63268
63411
63932
65738
66322
67829
70069
70527
75046
75191
78968
79910
81303
82640
85002
86879
87198
87424
88546
90331
90409
91893
92450
94130
94170
94705
95924
97281
99157
101401
103055
103608
103969
104086
104294
104978
105718
105871
106562
107471
110729
111899
112395
112399
114888
115527
116376
117169
118324
118405
119789
121184
121540
121736
122480
122550
122610
125263
125485
126412
126556
127372
127758
127999
130265
130311
132015
132131
134033
134223
134723
136621
136938
137183
137373
137531
138228
139288
139634
140554
141095
141551
141661
141733
142431
143908
144456
144779
144805
144829
146516
147562
148395
148892
149493
149892
150881
152456
152485
152544
152709
153217
154209
157042
159698
160759
161444
163033
163818
163909
164233
164775
165757
168057
168535
168769
169197
169435
170797
173039
174984
175068
175103
179761
181365
181784
182410
182979
183937
186899
188001
189170
190117
191567
191725
191875
194362
195055
195720
195733
196234
196819
197613
198333
198498
198878
200924
203024
204711
207098
207945
209075
209393
210372
210665
212337
214243
214819
215281
216236
216981
217452
218049
218801
218843
218879
220469
220677
220924
221120
221162
222961
224114
224452
225388
226093
226968
228591
230579
231707
234221
236875
238059
238224
238381
240895
241198
241671
242027
243856
244101
244624
245936
246689
246886
247533
247943
248256
248814
249022
250344
250690
252325
252915
253414
254640
255178
256633
257267
258868
262825
262890
264462
266261
266446
266483
267546
269586
271261
274230
275142
275577
277037
277571
279734
279858
281044
282928
283103
283952
284703
284716
287239
287849
287997
290176
290218
291511
291940
292636
295154
295719
296248
297306
300632
301179
302346
302677
303097
304303
305763
307781
308663
308694
308851
309226
310228
311320
311646
312063
312635
313099
313490
313971
314897
315276
317253
318729
319066
319647
322592
322612
323390
324416
326644
326950
328817
329381
330488
334218
336886
338142
338897
339440
344555
346189
346532
346859
347074
347268
347705
348265
349095
350168
350541
351082
351145
351418
351788
351914
355228
357299
358245
358524
359319
361198
362376
362497
362893
363825
364273
364362
365616
366295
367197
370063
372339
372421
372737
373689
373720
373946
374512
374683
375006
376651
377012
378385
378515
379201
379855
380684
383051
383975
385381
386037
386542
387171
387252
388747
389201
389696
389733
392279
392874
393034
393428
394361
394724
397151
400643
402315
402535
403240
404561
404818
405904
406736
407777
407864
408111
408496
410845
411298
412419
412430
413403
413861
414877
416979
418560
420078
420331
420403
420907
422259
422477
423686
424263
424301
424516
424740
426178
429476
430140
431239
432345
432777
432878
433608
434011
434424
435042
435851
436019
436224
436497
437291
439889
441560
441999
444316
445102
446072
448036
448484
448691
450758
451022
451620
452189
452449
454709
456538
456592
456636
456844
457063
459577
460037
460624
460936
461119
461809
462517
462970
463494
470067
470292
472878
473007
474809
475099
479349
482826
482859
483300
484359
485957
486367
487161
488176
489665
490474
490993
493277
493570
493588
495721
496362
497720
499056
499096
502630
502907
503498
503661
504202
506345
506981
507747
507850
508624
509460
511890
512144
513254
514247
514335
515238
516750
520867
521716
522741
523940
525682
525771
528488
528911
529953
530614
530777
531518
532396
532800
532933
533463
535541
537539
537905
539985
541516
543547
543698
544126
545253
545653
546397
551426
551497
552410
553103
553822
554609
555958
556541
557050
559272
559696
560140
560628
560968
561639
561819
562209
562448
565738
566808
566883
567231
568670
569693
570054
571564
571827
573095
573678
574054
575845
577804
579744
580163
581067
581089
581981
582199
582337
584383
584525
585179
586129
586230
586273
588281
588771
590329
591500
591596
592047
593523
594290
594327
598536
599705
599924
600472
603744
603989
604348
604803
604985
605493
607821
609038
610668
611069
612843
613592
613882
614195
615538
616553
618366
620465
622009
623285
623516
625791
627545
627937
628759
628789
628962
629095
629388
630747
631876
632036
632983
634396
640809
641284
642555
644376
645989
646447
647503
649323
649913
651161
651910
653158
654388
655095
655126
656030
657212
657424
658468
661184
662276
662843
663220
663438
663458
663800
665207
666442
667036
667244
667299
667751
668311
668559
670054
674521
675324
676340
678372
678497
679835
679970
681685
682062
684623
684700
685271
686091
689429
690068
690292
691038
691375
691817
692014
692423
693005
693278
693402
693552
694988
699538
701106
701151
701332
701663
702579
705073
705950
706873
707428
709188
712552
715487
718895
718990
720405
720407
720641
721461
723215
723389
723899
724725
725050
726398
727055
728059
728349
728702
731841
731980
733550
734755
735399
735504
735816
736657
736868
738441
741737
742515
742772
743578
744221
744338
746549
747347
747410
748785
749168
749782
750090
751265
752780
752881
753114
758199
758599
758897
760242
761335
761372
762069
762351
763106
763501
763980
765203
765480
765745
766073
767459
770267
771287
771964
773623
775005
775005
775699
776553
776793
777085
778295
779035
779346
779501
780650
780688
781725
783392
784217
785480
786324
786660
787289
791099
791189
794723
797433
798828
801060
803088
803627
805109
805974
806132
806779
806803
806994
808593
808622
809460
810599
811494
813111
814191
815584
816548
817731
818150
818726
818829
819265
819606
820423
820776
824398
825672
826528
827877
829009
830246
830478
831234
831846
833645
836917
841804
842705
842730
843184
844135
846789
847179
849902
850797
851349
852523
852739
854248
854737
855817
856198
857795
858579
859556
859561
862240
862398
862514
863369
864080
866253
868148
869980
872243
872693
875154
875336
876126
876385
876595
877667
878037
879946
880470
881236
882077
885014
885047
885318
886629
886930
887252
887816
888494
888926
889142
890766
892110
892544
892945
893168
893654
894914
895497
896385
896681
897535
898843
899804
903954
904191
905316
905378
907858
910906
912072
913536
913962
914386
914455
914734
918512
918908
919248
919890
920519
923629
924375
924680
926103
926547
927310
927880
927905
928584
929674
929788
932845
933128
934038
935612
937109
938548
938836
940071
940568
940843
942012
943764
944398
944861
944889
945900
946864
946929
949065
950161
952188
952323
952347
953002
955883
956995
958244
959237
959574
961372
961379
962694
962837
963744
965114
965524
965526
970222
970753
973301
975461
975707
975867
976152
976918
977230
980406
980736
980957
981073
981490
981759
983428
983996
984550
984622
985387
986798
988178
990530
990629
991833
991866
992244
993834
994904
996901
999343
