28144
25976
14743
5186
10650
14904
5209
10291
29535
46
7629
20076
24376
9101
5715
21212
8740
6999
22924
17583
26735
2664
1727
3362
24884
25345
2172
26773
8993
15785
16255
177
20090
799
21718
20461
4192
29330
535
25980
27476
22548
2028
841
26871
1869
1264
17494
6419
28268
27295
23681
479
21859
12776
29016
25983
7508
182
29998
203
5190
2464
14447
10065
12573
21326
9520
24733
19401
24541
22794
27320
9661
11636
4393
17902
22179
27496
7328
11732
29006
20621
18687
9098
29936
6046
2040
27966
24205
6878
302
12017
28335
21248
23455
126
28402
15684
6964
9432
17989
27876
18054
18067
2576
19374
24627
23974
1480
19954
20577
8815
2227
7582
29523
12791
23413
168
266
18296
22932
2428
285
12060
26699
2519
5659
22024
450
12035
2032
7065
18030
4387
103
18413
10629
13282
7312
19366
16821
22919
22594
11498
4629
748
2210
17838
24412
2511
866
14133
25937
15512
17186
14035
130
17692
8843
6135
8249
22738
23069
14185
5292
4964
12774
11215
3444
19288
13927
24438
23616
6639
12523
20446
20427
6733
1255
11064
15115
9179
23233
29565
1916
8680
28422
12191
6844
1385
16278
10836
224
2504
1363
7886
23911
3693
19227
