3014
675
19840
26621
19192
23416
10736
11908
16673
2099
22125
24797
998
11950
8671
8232
18074
13677
12369
24314
21681
3938
26111
26504
4216
5114
2737
28230
18948
19012
23112
22110
616
28502
8087
2856
28469
15341
25716
4847
20986
11603
10766
16120
873
21894
2177
7360
1008
358
27815
3206
2355
27983
26673
8457
14514
12056
18423
11411
18115
24347
25741
7990
10988
16038
24855
6742
8341
1953
19550
23912
26094
10594
22565
21634
19933
20205
6835
11505
11835
784
3771
4889
2319
9470
17758
2475
14650
29065
2389
12617
22917
245
7030
18529
2696
8539
8105
3215
6685
4508
13270
14196
8293
12839
24403
6118
14233
7981
27549
14136
21075
5426
9781
25531
8493
28598
29869
17540
26490
1509
28418
23152
2100
7596
29740
4710
24374
7229
27892
19676
15019
2148
12550
2413
2247
20843
16967
20169
3509
24314
21096
22045
13776
1797
18108
25460
22549
6315
11846
27022
1960
16259
24087
1249
1927
710
10199
29133
3021
2067
24225
14916
1320
22531
7700
17514
9684
25846
1958
8361
19480
14675
27196
22568
3354
12305
20401
27469
14303
1892
28972
6529
5822
1693
5227
22067
1270
15179
13213
3871
11236
4519
3671
10192
8314
19503
6441
20067
